{
  "frames": [
    {
      "file_path": "./MSNerfCorrected/RGBs/extra3-a9-RGB.png",
      "sharpness": 20.678159765299185,
      "transform_matrix": [
        [
          0.3355788576545189,
          -0.30572453886745304,
          0.8910215130312382,
          4.092603859801306
        ],
        [
          0.9417071764528739,
          0.13294022007177453,
          -0.3090541889450424,
          -1.2207236317634118
        ],
        [
          -0.02396714663078056,
          0.9427934048749361,
          0.3325149194572524,
          1.3020288178542603
        ],
        [
          0.0,
          0.0,
          0.0,
          1.0
        ]
      ],
      "w": 2592.0,
      "h": 1944.0,
      "fl_x": 3755.8123024926504,
      "fl_y": 3755.8123024926504,
      "k1": -0.10539448977517578,
      "k2": 0,
      "k3": 0,
      "k4": 0,
      "p1": 0,
      "p2": 0,
      "cx": 1296.0,
      "cy": 972.0,
      "is_fisheye": false,
      "camera_angle_x": 0.6645435704830052,
      "camera_angle_y": 0.5064853198554917,
      "fovx": 38.07554189123075,
      "fovy": 29.01947121305323
    },
    {
      "file_path": "./MSNerfCorrected/RGBs/extra3-a1-RGB.png",
      "sharpness": 20.094211216213026,
      "transform_matrix": [
        [
          -0.24642631263981635,
          -0.2946201584095899,
          0.923294663015203,
          3.8306082300919955
        ],
        [
          0.9666651430310245,
          -0.14305344173671877,
          0.21235398290623658,
          0.9495658514486313
        ],
        [
          0.06951671519872597,
          0.9448463764653352,
          0.3200511697264437,
          1.3485345057303386
        ],
        [
          0.0,
          0.0,
          0.0,
          1.0
        ]
      ],
      "w": 2592.0,
      "h": 1944.0,
      "fl_x": 3761.020819745481,
      "fl_y": 3761.020819745481,
      "k1": -0.12043851718214178,
      "k2": 0,
      "k3": 0,
      "k4": 0,
      "p1": 0,
      "p2": 0,
      "cx": 1296.0,
      "cy": 972.0,
      "is_fisheye": false,
      "camera_angle_x": 0.663689396740294,
      "camera_angle_y": 0.505813452578823,
      "fovx": 38.02660134080251,
      "fovy": 28.980976053707163
    },
    {
      "file_path": "./MSNerfCorrected/RGBs/extra3-a0-RGB.png",
      "sharpness": 21.002633135735802,
      "transform_matrix": [
        [
          0.06412593965068605,
          -0.32403529525022445,
          0.9438691600804224,
          4.05424023398095
        ],
        [
          0.9975436064799419,
          -0.005902930216503204,
          -0.06979905863192959,
          -0.0936201050382326
        ],
        [
          0.02818895235744926,
          0.9460265762133241,
          0.322860806103876,
          1.302296606454403
        ],
        [
          0.0,
          0.0,
          0.0,
          1.0
        ]
      ],
      "w": 2592.0,
      "h": 1944.0,
      "fl_x": 3750.003024419903,
      "fl_y": 3750.003024419903,
      "k1": -0.10809710207664824,
      "k2": 0,
      "k3": 0,
      "k4": 0,
      "p1": 0,
      "p2": 0,
      "cx": 1296.0,
      "cy": 972.0,
      "is_fisheye": false,
      "camera_angle_x": 0.6654987671779069,
      "camera_angle_y": 0.5072367449198025,
      "fovx": 38.13027063045346,
      "fovy": 29.062524697858585
    },
    {
      "file_path": "./MSNerfCorrected/RGBs/extra2-a9-RGB.png",
      "sharpness": 21.616505182328495,
      "transform_matrix": [
        [
          0.3372967440867073,
          -0.44203635989626494,
          0.8311647026992132,
          4.296934615922816
        ],
        [
          0.9407600024832952,
          0.19078048602517814,
          -0.2803095144294626,
          -1.2114020027596843
        ],
        [
          -0.03466300854523935,
          0.8764739943289227,
          0.4801997638052891,
          2.117213421956671
        ],
        [
          0.0,
          0.0,
          0.0,
          1.0
        ]
      ],
      "w": 2592.0,
      "h": 1944.0,
      "fl_x": 3748.512472793908,
      "fl_y": 3748.512472793908,
      "k1": -0.10480738330994023,
      "k2": 0,
      "k3": 0,
      "k4": 0,
      "p1": 0,
      "p2": 0,
      "cx": 1296.0,
      "cy": 972.0,
      "is_fisheye": false,
      "camera_angle_x": 0.6657442790603504,
      "camera_angle_y": 0.5074298982988903,
      "fovx": 38.144337425137785,
      "fovy": 29.073591571279007
    },
    {
      "file_path": "./MSNerfCorrected/RGBs/extra2-a1-RGB.png",
      "sharpness": 18.652078195382373,
      "transform_matrix": [
        [
          -0.2058712113476647,
          -0.45593528022853336,
          0.8658753170266951,
          3.949214298277667
        ],
        [
          0.9766084615473248,
          -0.15185100050473113,
          0.15224055464932276,
          0.8713287089945329
        ],
        [
          0.062072193256668615,
          0.8769631086551393,
          0.4765320020074002,
          2.176190300458226
        ],
        [
          0.0,
          0.0,
          0.0,
          1.0
        ]
      ],
      "w": 2592.0,
      "h": 1944.0,
      "fl_x": 3758.012132238066,
      "fl_y": 3758.012132238066,
      "k1": -0.11043449808808976,
      "k2": 0,
      "k3": 0,
      "k4": 0,
      "p1": 0,
      "p2": 0,
      "cx": 1296.0,
      "cy": 972.0,
      "is_fisheye": false,
      "camera_angle_x": 0.664182550024464,
      "camera_angle_y": 0.5062013421613804,
      "fovx": 38.054856942638466,
      "fovy": 29.00320048970479
    },
    {
      "file_path": "./MSNerfCorrected/RGBs/extra2-a0-RGB.png",
      "sharpness": 20.135891178816443,
      "transform_matrix": [
        [
          0.05560072150164994,
          -0.4699332383777935,
          0.8809490968785664,
          4.361112315819827
        ],
        [
          0.9981926404965776,
          0.00601101959977135,
          -0.05979398048211159,
          -0.11590589522339595
        ],
        [
          0.02280377659571935,
          0.8826814936125524,
          0.4694181171001452,
          2.103453401017221
        ],
        [
          0.0,
          0.0,
          0.0,
          1.0
        ]
      ],
      "w": 2592.0,
      "h": 1944.0,
      "fl_x": 3748.8105511038275,
      "fl_y": 3748.8105511038275,
      "k1": -0.10596310721335792,
      "k2": 0,
      "k3": 0,
      "k4": 0,
      "p1": 0,
      "p2": 0,
      "cx": 1296.0,
      "cy": 972.0,
      "is_fisheye": false,
      "camera_angle_x": 0.6656951680068268,
      "camera_angle_y": 0.507391260258842,
      "fovx": 38.14152356904344,
      "fovy": 29.071377774655577
    },
    {
      "file_path": "./MSNerfCorrected/RGBs/extra1-a9-RGB.png",
      "sharpness": 17.67308638729257,
      "transform_matrix": [
        [
          0.22474015992675048,
          -0.4564475380578945,
          0.8608992424040638,
          5.0569984872281655
        ],
        [
          0.9742664748008197,
          0.12087642601369951,
          -0.1902464867307462,
          -0.8681970777733693
        ],
        [
          -0.01722488308729178,
          0.8815012959090739,
          0.47186732114887076,
          2.791847308222288
        ],
        [
          0.0,
          0.0,
          0.0,
          1.0
        ]
      ],
      "w": 2592.0,
      "h": 1944.0,
      "fl_x": 3748.0161044037322,
      "fl_y": 3748.0161044037322,
      "k1": -0.11361019356894902,
      "k2": 0,
      "k3": 0,
      "k4": 0,
      "p1": 0,
      "p2": 0,
      "cx": 1296.0,
      "cy": 972.0,
      "is_fisheye": false,
      "camera_angle_x": 0.6658260756523592,
      "camera_angle_y": 0.5074942522292306,
      "fovx": 38.14902402463844,
      "fovy": 29.077278779882583
    },
    {
      "file_path": "./MSNerfCorrected/RGBs/extra1-a1-RGB.png",
      "sharpness": 17.76101460831821,
      "transform_matrix": [
        [
          -0.044836752794473585,
          -0.47722835553938053,
          0.8776347545094895,
          5.368264678415193
        ],
        [
          0.9984392322932221,
          -0.0506894665445049,
          0.023445199918291533,
          0.4398253683853041
        ],
        [
          0.03329812332470524,
          0.8773161771592584,
          0.47875626401403565,
          2.7276824723890996
        ],
        [
          0.0,
          0.0,
          0.0,
          1.0
        ]
      ],
      "w": 2592.0,
      "h": 1944.0,
      "fl_x": 3751.7442624987766,
      "fl_y": 3751.7442624987766,
      "k1": -0.11991248099402418,
      "k2": 0,
      "k3": 0,
      "k4": 0,
      "p1": 0,
      "p2": 0,
      "cx": 1296.0,
      "cy": 972.0,
      "is_fisheye": false,
      "camera_angle_x": 0.6652121849111,
      "camera_angle_y": 0.5070112884317793,
      "fovx": 38.11385067608214,
      "fovy": 29.049606992631016
    },
    {
      "file_path": "./MSNerfCorrected/RGBs/extra1-a0-RGB.png",
      "sharpness": 17.968795838094685,
      "transform_matrix": [
        [
          0.1314885222601229,
          -0.46397993640931556,
          0.876032754626425,
          5.282413751957364
        ],
        [
          0.9913176808769997,
          0.061680740444808146,
          -0.11612382115173886,
          -0.45782298639116703
        ],
        [
          -0.0001552258056723016,
          0.8836957083309983,
          0.4680618239477385,
          2.7452643291181675
        ],
        [
          0.0,
          0.0,
          0.0,
          1.0
        ]
      ],
      "w": 2592.0,
      "h": 1944.0,
      "fl_x": 3748.9278438608144,
      "fl_y": 3748.9278438608144,
      "k1": -0.11640265876817606,
      "k2": 0,
      "k3": 0,
      "k4": 0,
      "p1": 0,
      "p2": 0,
      "cx": 1296.0,
      "cy": 972.0,
      "is_fisheye": false,
      "camera_angle_x": 0.6656758448941562,
      "camera_angle_y": 0.5073760579056622,
      "fovx": 38.14041643624036,
      "fovy": 29.07050674397971
    },
    {
      "file_path": "./MSNerfCorrected/RGBs/altura4-a9-RGB.png",
      "sharpness": 21.26671453244421,
      "transform_matrix": [
        [
          0.3737351642589984,
          -0.5830424007236594,
          0.7213761751053307,
          3.394015755379243
        ],
        [
          0.9267970688978734,
          0.265767158138522,
          -0.2653582686432404,
          -0.9102383425207813
        ],
        [
          -0.03700297400495184,
          0.7677430407792444,
          0.6396885205354147,
          2.9747794623522363
        ],
        [
          0.0,
          0.0,
          0.0,
          1.0
        ]
      ],
      "w": 2592.0,
      "h": 1944.0,
      "fl_x": 3753.8157858422637,
      "fl_y": 3753.8157858422637,
      "k1": -0.11639325956582097,
      "k2": 0,
      "k3": 0,
      "k4": 0,
      "p1": 0,
      "p2": 0,
      "cx": 1296.0,
      "cy": 972.0,
      "is_fisheye": false,
      "camera_angle_x": 0.664871551928355,
      "camera_angle_y": 0.5067433217285578,
      "fovx": 38.094333843807895,
      "fovy": 29.03425363148639
    },
    {
      "file_path": "./MSNerfCorrected/RGBs/altura4-a8-RGB.png",
      "sharpness": 20.44660524993621,
      "transform_matrix": [
        [
          0.7833795465169244,
          -0.3567707239247186,
          0.5089510160163507,
          2.722823508105397
        ],
        [
          0.6122552074143055,
          0.583980586149562,
          -0.5330199208233531,
          -2.4706537217889304
        ],
        [
          -0.10705160963619975,
          0.7291648137338976,
          0.6759131803284122,
          3.081417214290937
        ],
        [
          0.0,
          0.0,
          0.0,
          1.0
        ]
      ],
      "w": 2592.0,
      "h": 1944.0,
      "fl_x": 3751.161201821089,
      "fl_y": 3751.161201821089,
      "k1": -0.1301147564960708,
      "k2": 0,
      "k3": 0,
      "k4": 0,
      "p1": 0,
      "p2": 0,
      "cx": 1296.0,
      "cy": 972.0,
      "is_fisheye": false,
      "camera_angle_x": 0.6653081216836935,
      "camera_angle_y": 0.5070867616144433,
      "fovx": 38.119347448251844,
      "fovy": 29.05393128746408
    },
    {
      "file_path": "./MSNerfCorrected/RGBs/altura4-a7-RGB.png",
      "sharpness": 18.939943401834636,
      "transform_matrix": [
        [
          0.9541020964643658,
          0.29917140610626286,
          -0.013625686977497775,
          0.06347607118793688
        ],
        [
          -0.2640529901924344,
          0.8188948624160497,
          -0.5095951556668165,
          -2.495380957140939
        ],
        [
          -0.14129829420301904,
          0.48980370975962906,
          0.8603064093774853,
          3.456986236027591
        ],
        [
          0.0,
          0.0,
          0.0,
          1.0
        ]
      ],
      "w": 2592.0,
      "h": 1944.0,
      "fl_x": 3763.384054454866,
      "fl_y": 3763.384054454866,
      "k1": -0.11754684774648251,
      "k2": 0,
      "k3": 0,
      "k4": 0,
      "p1": 0,
      "p2": 0,
      "cx": 1296.0,
      "cy": 972.0,
      "is_fisheye": false,
      "camera_angle_x": 0.6633025337422523,
      "camera_angle_y": 0.5055091845134223,
      "fovx": 38.00443572376494,
      "fovy": 28.96354277771909
    },
    {
      "file_path": "./MSNerfCorrected/RGBs/altura4-a6-RGB.png",
      "sharpness": 22.37779584410612,
      "transform_matrix": [
        [
          0.4865601310592214,
          0.8200628111384403,
          -0.3012577380022916,
          -1.2887602456782525
        ],
        [
          -0.871895002256821,
          0.43397373931647787,
          -0.22686096760638427,
          -1.2408759787350652
        ],
        [
          -0.05530229577399989,
          0.3730466182861772,
          0.9261629860463716,
          3.6738994369410105
        ],
        [
          0.0,
          0.0,
          0.0,
          1.0
        ]
      ],
      "w": 2592.0,
      "h": 1944.0,
      "fl_x": 3755.88013655683,
      "fl_y": 3755.88013655683,
      "k1": -0.10978244064721757,
      "k2": 0,
      "k3": 0,
      "k4": 0,
      "p1": 0,
      "p2": 0,
      "cx": 1296.0,
      "cy": 972.0,
      "is_fisheye": false,
      "camera_angle_x": 0.6645324323904084,
      "camera_angle_y": 0.5064765584458394,
      "fovx": 38.074903725533126,
      "fovy": 29.018969221257567
    },
    {
      "file_path": "./MSNerfCorrected/RGBs/altura4-a5-RGB.png",
      "sharpness": 21.022759357534998,
      "transform_matrix": [
        [
          -0.0946649695257337,
          0.9084286740061486,
          -0.40718041190979226,
          -2.0083671389465088
        ],
        [
          -0.9946280966463672,
          -0.06910310369547394,
          0.07706951681002604,
          0.07669580957105333
        ],
        [
          0.04187472873505836,
          0.4122888615497047,
          0.9100903261711842,
          3.8123095505795397
        ],
        [
          0.0,
          0.0,
          0.0,
          1.0
        ]
      ],
      "w": 2592.0,
      "h": 1944.0,
      "fl_x": 3757.313993335535,
      "fl_y": 3757.313993335535,
      "k1": -0.12731427462110168,
      "k2": 0,
      "k3": 0,
      "k4": 0,
      "p1": 0,
      "p2": 0,
      "cx": 1296.0,
      "cy": 972.0,
      "is_fisheye": false,
      "camera_angle_x": 0.6642970827078789,
      "camera_angle_y": 0.506291431682832,
      "fovx": 38.06141918201444,
      "fovy": 29.008362239062325
    },
    {
      "file_path": "./MSNerfCorrected/RGBs/altura4-a4-RGB.png",
      "sharpness": 18.646313203863713,
      "transform_matrix": [
        [
          -0.7040244414209604,
          0.6797166582222727,
          -0.2057543449649499,
          -1.1356089108917196
        ],
        [
          -0.6927301105440016,
          -0.5934537421420668,
          0.40980196422580256,
          1.5719665677541927
        ],
        [
          0.1564435356750466,
          0.4310428290897617,
          0.8886661351096623,
          3.672615111052164
        ],
        [
          0.0,
          0.0,
          0.0,
          1.0
        ]
      ],
      "w": 2592.0,
      "h": 1944.0,
      "fl_x": 3755.4942962810615,
      "fl_y": 3755.4942962810615,
      "k1": -0.12813371339144547,
      "k2": 0,
      "k3": 0,
      "k4": 0,
      "p1": 0,
      "p2": 0,
      "cx": 1296.0,
      "cy": 972.0,
      "is_fisheye": false,
      "camera_angle_x": 0.6645957906743571,
      "camera_angle_y": 0.5065263973142551,
      "fovx": 38.07853388780058,
      "fovy": 29.021824778073494
    },
    {
      "file_path": "./MSNerfCorrected/RGBs/altura4-a3-RGB.png",
      "sharpness": 16.937619469251125,
      "transform_matrix": [
        [
          -0.9802191436774327,
          0.10565207655971393,
          0.16735611474280473,
          0.3877712241670993
        ],
        [
          0.004194877601117617,
          -0.8343142714271198,
          0.5512731623206406,
          2.275915876253557
        ],
        [
          0.19787074929133242,
          0.5410705455194336,
          0.8173676231666807,
          3.417951279169805
        ],
        [
          0.0,
          0.0,
          0.0,
          1.0
        ]
      ],
      "w": 2592.0,
      "h": 1944.0,
      "fl_x": 3756.0886428438976,
      "fl_y": 3756.0886428438976,
      "k1": -0.12367641731726453,
      "k2": 0,
      "k3": 0,
      "k4": 0,
      "p1": 0,
      "p2": 0,
      "cx": 1296.0,
      "cy": 972.0,
      "is_fisheye": false,
      "camera_angle_x": 0.6644981987103382,
      "camera_angle_y": 0.506449629747798,
      "fovx": 38.072942280147906,
      "fovy": 29.01742632051201
    },
    {
      "file_path": "./MSNerfCorrected/RGBs/altura4-a2-RGB.png",
      "sharpness": 21.16673771460117,
      "transform_matrix": [
        [
          -0.6728722432241676,
          -0.4989170268582058,
          0.5461911246664034,
          2.259952341004425
        ],
        [
          0.7253167758399632,
          -0.590127316031403,
          0.3544930543166497,
          1.4876032054908759
        ],
        [
          0.1454596817380106,
          0.6346901222008701,
          0.7589531802583613,
          3.085342895404134
        ],
        [
          0.0,
          0.0,
          0.0,
          1.0
        ]
      ],
      "w": 2592.0,
      "h": 1944.0,
      "fl_x": 3776.4364726415984,
      "fl_y": 3776.4364726415984,
      "k1": -0.12209494960873668,
      "k2": 0,
      "k3": 0,
      "k4": 0,
      "p1": 0,
      "p2": 0,
      "cx": 1296.0,
      "cy": 972.0,
      "is_fisheye": false,
      "camera_angle_x": 0.6611736457643815,
      "camera_angle_y": 0.5038351095678419,
      "fovx": 37.882459427576805,
      "fovy": 28.86762534874875
    },
    {
      "file_path": "./MSNerfCorrected/RGBs/altura4-a1-RGB.png",
      "sharpness": 22.125759284102312,
      "transform_matrix": [
        [
          -0.2765567227585047,
          -0.6904471137392221,
          0.6684303720516888,
          2.6573973175479337
        ],
        [
          0.958691753220271,
          -0.24637576440171394,
          0.14215873178587443,
          0.7230363153398172
        ],
        [
          0.06653195780917169,
          0.6801336382621181,
          0.73006282794659,
          3.0188124338540785
        ],
        [
          0.0,
          0.0,
          0.0,
          1.0
        ]
      ],
      "w": 2592.0,
      "h": 1944.0,
      "fl_x": 3759.0099949562364,
      "fl_y": 3759.0099949562364,
      "k1": -0.10670052026802894,
      "k2": 0,
      "k3": 0,
      "k4": 0,
      "p1": 0,
      "p2": 0,
      "cx": 1296.0,
      "cy": 972.0,
      "is_fisheye": false,
      "camera_angle_x": 0.6640189123744494,
      "camera_angle_y": 0.5060726300139813,
      "fovx": 38.04548119592319,
      "fovy": 28.99582582688676
    },
    {
      "file_path": "./MSNerfCorrected/RGBs/altura4-a0-RGB.png",
      "sharpness": 23.60720623575809,
      "transform_matrix": [
        [
          0.08804143209248569,
          -0.7324915687643754,
          0.6750591144330357,
          2.734149106882765
        ],
        [
          0.9960190485920675,
          0.05524014859421475,
          -0.06996128089948041,
          -0.2508027214134775
        ],
        [
          0.013955682607665627,
          0.6785312282624105,
          0.7344389772136404,
          2.9999116670640587
        ],
        [
          0.0,
          0.0,
          0.0,
          1.0
        ]
      ],
      "w": 2592.0,
      "h": 1944.0,
      "fl_x": 3758.834146522923,
      "fl_y": 3758.834146522923,
      "k1": -0.11470662473179598,
      "k2": 0,
      "k3": 0,
      "k4": 0,
      "p1": 0,
      "p2": 0,
      "cx": 1296.0,
      "cy": 972.0,
      "is_fisheye": false,
      "camera_angle_x": 0.6640477437954875,
      "camera_angle_y": 0.5060953076724938,
      "fovx": 38.04713311466603,
      "fovy": 28.997125161008764
    },
    {
      "file_path": "./MSNerfCorrected/RGBs/altura3-a9-RGB.png",
      "sharpness": 21.53811982254243,
      "transform_matrix": [
        [
          0.49806311500930134,
          -0.2966400010769269,
          0.8148238111906265,
          3.4524862583940905
        ],
        [
          0.865456787206057,
          0.22858479041341911,
          -0.4457954049456731,
          -1.4596409319911998
        ],
        [
          -0.05401558070169926,
          0.9272290458161093,
          0.3705787550458943,
          1.3999894127373298
        ],
        [
          0.0,
          0.0,
          0.0,
          1.0
        ]
      ],
      "w": 2592.0,
      "h": 1944.0,
      "fl_x": 3752.9512585991683,
      "fl_y": 3752.9512585991683,
      "k1": -0.10970058331255873,
      "k2": 0,
      "k3": 0,
      "k4": 0,
      "p1": 0,
      "p2": 0,
      "cx": 1296.0,
      "cy": 972.0,
      "is_fisheye": false,
      "camera_angle_x": 0.6650136704688728,
      "camera_angle_y": 0.5068551209479397,
      "fovx": 38.10247663637012,
      "fovy": 29.04065925490983
    },
    {
      "file_path": "./MSNerfCorrected/RGBs/altura3-a8-RGB.png",
      "sharpness": 20.53920081630663,
      "transform_matrix": [
        [
          0.7158569982967228,
          -0.21465985463055087,
          0.6644320167289519,
          2.7490872160321564
        ],
        [
          0.6919467547546219,
          0.3456278698016922,
          -0.6338383581016106,
          -2.2233391333405925
        ],
        [
          -0.09358657276071125,
          0.9134892021666092,
          0.39595331919163845,
          1.5275232439655761
        ],
        [
          0.0,
          0.0,
          0.0,
          1.0
        ]
      ],
      "w": 2592.0,
      "h": 1944.0,
      "fl_x": 3757.9316330969095,
      "fl_y": 3757.9316330969095,
      "k1": -0.09759972196167635,
      "k2": 0,
      "k3": 0,
      "k4": 0,
      "p1": 0,
      "p2": 0,
      "cx": 1296.0,
      "cy": 972.0,
      "is_fisheye": false,
      "camera_angle_x": 0.6641957543142738,
      "camera_angle_y": 0.5062117283637385,
      "fovx": 38.055613492716034,
      "fovy": 29.003795575265084
    },
    {
      "file_path": "./MSNerfCorrected/RGBs/altura3-a7-RGB.png",
      "sharpness": 18.518936450089658,
      "transform_matrix": [
        [
          0.9636701237065656,
          0.24317078031494477,
          -0.11048920459166515,
          -0.35599588399681814
        ],
        [
          -0.2223491153855858,
          0.5011684100470651,
          -0.8362960574211726,
          -3.349865070944947
        ],
        [
          -0.1479890658648486,
          0.8304807020109888,
          0.537029831598529,
          2.0542733843066556
        ],
        [
          0.0,
          0.0,
          0.0,
          1.0
        ]
      ],
      "w": 2592.0,
      "h": 1944.0,
      "fl_x": 3757.700503373303,
      "fl_y": 3757.700503373303,
      "k1": -0.09316137149108535,
      "k2": 0,
      "k3": 0,
      "k4": 0,
      "p1": 0,
      "p2": 0,
      "cx": 1296.0,
      "cy": 972.0,
      "is_fisheye": false,
      "camera_angle_x": 0.6642336693777463,
      "camera_angle_y": 0.5062415516219952,
      "fovx": 38.057785865832976,
      "fovy": 29.005504322094524
    },
    {
      "file_path": "./MSNerfCorrected/RGBs/altura3-a6-RGB.png",
      "sharpness": 19.4186839375429,
      "transform_matrix": [
        [
          0.5429137716291093,
          0.5631600896103391,
          -0.6229729930746886,
          -2.4091777353462835
        ],
        [
          -0.8378183056624322,
          0.3124389574755184,
          -0.44770792325867553,
          -2.070601284301309
        ],
        [
          -0.0574902016899555,
          0.765004974735893,
          0.6414532449009385,
          2.3944025022812565
        ],
        [
          0.0,
          0.0,
          0.0,
          1.0
        ]
      ],
      "w": 2592.0,
      "h": 1944.0,
      "fl_x": 3751.8308287185387,
      "fl_y": 3751.8308287185387,
      "k1": -0.10279581356524735,
      "k2": 0,
      "k3": 0,
      "k4": 0,
      "p1": 0,
      "p2": 0,
      "cx": 1296.0,
      "cy": 972.0,
      "is_fisheye": false,
      "camera_angle_x": 0.6651979435811264,
      "camera_angle_y": 0.5070000849059224,
      "fovx": 38.11303470797999,
      "fovy": 29.04896507788375
    },
    {
      "file_path": "./MSNerfCorrected/RGBs/altura3-a5-RGB.png",
      "sharpness": 15.66907019198862,
      "transform_matrix": [
        [
          -0.0677572526490965,
          0.6594202310879879,
          -0.748714841311575,
          -2.8568941854949816
        ],
        [
          -0.9967899554613618,
          -0.012665019434578394,
          0.07905303266865474,
          0.10068918118563254
        ],
        [
          0.0426466810544022,
          0.7516678496314328,
          0.658161609698151,
          2.481790184742024
        ],
        [
          0.0,
          0.0,
          0.0,
          1.0
        ]
      ],
      "w": 2592.0,
      "h": 1944.0,
      "fl_x": 3762.224235853516,
      "fl_y": 3762.224235853516,
      "k1": -0.14466226797316392,
      "k2": 0,
      "k3": 0,
      "k4": 0,
      "p1": 0,
      "p2": 0,
      "cx": 1296.0,
      "cy": 972.0,
      "is_fisheye": false,
      "camera_angle_x": 0.6634923424827741,
      "camera_angle_y": 0.5056584671655746,
      "fovx": 38.01531096351153,
      "fovy": 28.97209604364194
    },
    {
      "file_path": "./MSNerfCorrected/RGBs/altura3-a4-RGB.png",
      "sharpness": 13.597273027324334,
      "transform_matrix": [
        [
          -0.7862054905699895,
          0.4599179645542671,
          -0.4127425257139949,
          -2.0209144988030916
        ],
        [
          -0.5914191649803235,
          -0.3663378036993286,
          0.7183453103311683,
          2.7194967792421547
        ],
        [
          0.1791767226112356,
          0.8088708670172082,
          0.5600210912278979,
          2.348033694431508
        ],
        [
          0.0,
          0.0,
          0.0,
          1.0
        ]
      ],
      "w": 2592.0,
      "h": 1944.0,
      "fl_x": 3733.304238068597,
      "fl_y": 3733.304238068597,
      "k1": -0.1280837573865791,
      "k2": 0,
      "k3": 0,
      "k4": 0,
      "p1": 0,
      "p2": 0,
      "cx": 1296.0,
      "cy": 972.0,
      "is_fisheye": false,
      "camera_angle_x": 0.6682592618709862,
      "camera_angle_y": 0.5094089168546004,
      "fovx": 38.288435325735165,
      "fovy": 29.18698098209927
    },
    {
      "file_path": "./MSNerfCorrected/RGBs/altura3-a3-RGB.png",
      "sharpness": 14.347166653925022,
      "transform_matrix": [
        [
          -0.9802808062228042,
          0.15721815578691195,
          0.11971630004738937,
          0.18320601811546658
        ],
        [
          0.020893586166078316,
          -0.5199652581434125,
          0.8539318405944522,
          3.384391713291756
        ],
        [
          0.19650190600409817,
          0.839594295987777,
          0.5064271113758674,
          1.959085490806489
        ],
        [
          0.0,
          0.0,
          0.0,
          1.0
        ]
      ],
      "w": 2592.0,
      "h": 1944.0,
      "fl_x": 3777.047551660635,
      "fl_y": 3777.047551660635,
      "k1": -0.10561122250656621,
      "k2": 0,
      "k3": 0,
      "k4": 0,
      "p1": 0,
      "p2": 0,
      "cx": 1296.0,
      "cy": 972.0,
      "is_fisheye": false,
      "camera_angle_x": 0.661074299501965,
      "camera_angle_y": 0.5037569997869307,
      "fovx": 37.87676730602993,
      "fovy": 28.863149987963837
    },
    {
      "file_path": "./MSNerfCorrected/RGBs/altura3-a2-RGB.png",
      "sharpness": 17.55440766644051,
      "transform_matrix": [
        [
          -0.5979882473116487,
          -0.2906460624997278,
          0.7469504150112325,
          2.6250234675998847
        ],
        [
          0.7916220847840844,
          -0.36006829517684896,
          0.4936449105283989,
          1.7791493908517737
        ],
        [
          0.12547721299662476,
          0.8864962996027221,
          0.4453984506756171,
          1.488410614260636
        ],
        [
          0.0,
          0.0,
          0.0,
          1.0
        ]
      ],
      "w": 2592.0,
      "h": 1944.0,
      "fl_x": 3747.02617473055,
      "fl_y": 3747.02617473055,
      "k1": -0.10860421884016631,
      "k2": 0,
      "k3": 0,
      "k4": 0,
      "p1": 0,
      "p2": 0,
      "cx": 1296.0,
      "cy": 972.0,
      "is_fisheye": false,
      "camera_angle_x": 0.6659892640479884,
      "camera_angle_y": 0.5076226438496833,
      "fovx": 38.158374030973505,
      "fovy": 29.084635077859367
    },
    {
      "file_path": "./MSNerfCorrected/RGBs/altura3-a1-RGB.png",
      "sharpness": 18.877486083292737,
      "transform_matrix": [
        [
          -0.3188313981003821,
          -0.3483765378005581,
          0.8814648759595346,
          3.1436589070150975
        ],
        [
          0.9431071041475722,
          -0.209151399232751,
          0.2584660176994584,
          0.8870809727457626
        ],
        [
          0.09431611579622483,
          0.9137228683585519,
          0.3952404207500707,
          1.4223246772216933
        ],
        [
          0.0,
          0.0,
          0.0,
          1.0
        ]
      ],
      "w": 2592.0,
      "h": 1944.0,
      "fl_x": 3750.710300340781,
      "fl_y": 3750.710300340781,
      "k1": -0.10289584332997345,
      "k2": 0,
      "k3": 0,
      "k4": 0,
      "p1": 0,
      "p2": 0,
      "cx": 1296.0,
      "cy": 972.0,
      "is_fisheye": false,
      "camera_angle_x": 0.665382331260254,
      "camera_angle_y": 0.5071451427780529,
      "fovx": 38.12359934378822,
      "fovy": 29.057276281741974
    },
    {
      "file_path": "./MSNerfCorrected/RGBs/altura1-a2-RGB.png",
      "sharpness": 16.567511263844256,
      "transform_matrix": [
        [
          -0.601689965126638,
          -0.034747425924913866,
          0.7979735599080985,
          2.8138014743472315
        ],
        [
          0.7922132160796986,
          -0.1533192820887177,
          0.5906703124489282,
          2.0755435819857224
        ],
        [
          0.10182046040302306,
          0.9875655999400966,
          0.1197780435356689,
          0.5117697541193863
        ],
        [
          0.0,
          0.0,
          0.0,
          1.0
        ]
      ],
      "w": 2592.0,
      "h": 1944.0,
      "fl_x": 3748.6178816579127,
      "fl_y": 3748.6178816579127,
      "k1": -0.10268638409170758,
      "k2": 0,
      "k3": 0,
      "k4": 0,
      "p1": 0,
      "p2": 0,
      "cx": 1296.0,
      "cy": 972.0,
      "is_fisheye": false,
      "camera_angle_x": 0.6657269112148753,
      "camera_angle_y": 0.5074162341444818,
      "fovx": 38.14334232089283,
      "fovy": 29.07280867290078
    },
    {
      "file_path": "./MSNerfCorrected/RGBs/altura1-a1-RGB.png",
      "sharpness": 17.143206538514907,
      "transform_matrix": [
        [
          -0.3138564079720648,
          -0.07548798088419639,
          0.9464648540605223,
          3.321772396886766
        ],
        [
          0.9482532656209299,
          -0.07538021267375032,
          0.3084372995870573,
          0.987864774636258
        ],
        [
          0.04806141301211124,
          0.9942934115913246,
          0.09524028717052321,
          0.42736347717519524
        ],
        [
          0.0,
          0.0,
          0.0,
          1.0
        ]
      ],
      "w": 2592.0,
      "h": 1944.0,
      "fl_x": 3743.5009554954645,
      "fl_y": 3743.5009554954645,
      "k1": -0.09947922875866076,
      "k2": 0,
      "k3": 0,
      "k4": 0,
      "p1": 0,
      "p2": 0,
      "cx": 1296.0,
      "cy": 972.0,
      "is_fisheye": false,
      "camera_angle_x": 0.6665710170041073,
      "camera_angle_y": 0.5080803733944289,
      "fovx": 38.19170602007838,
      "fovy": 29.11086104893174
    },
    {
      "file_path": "./MSNerfCorrected/RGBs/altura1-a0-RGB.png",
      "sharpness": 17.547022450229743,
      "transform_matrix": [
        [
          0.049331405369283744,
          -0.08592450031048682,
          0.9950795911612249,
          3.5414174642042173
        ],
        [
          0.9986550307522472,
          0.020158001923696836,
          -0.047768028133116175,
          -0.06896189762950045
        ],
        [
          -0.015954372364704133,
          0.9960977036715726,
          0.08680335706427345,
          0.3935303725053552
        ],
        [
          0.0,
          0.0,
          0.0,
          1.0
        ]
      ],
      "w": 2592.0,
      "h": 1944.0,
      "fl_x": 3747.8723447616558,
      "fl_y": 3747.8723447616558,
      "k1": -0.08194618517270366,
      "k2": 0,
      "k3": 0,
      "k4": 0,
      "p1": 0,
      "p2": 0,
      "cx": 1296.0,
      "cy": 972.0,
      "is_fisheye": false,
      "camera_angle_x": 0.6658497694309077,
      "camera_angle_y": 0.5075128935825742,
      "fovx": 38.15038157814999,
      "fovy": 29.078346850753583
    },
    {
      "file_path": "./MSNerfCorrected/RGBs/altura0-a9-RGB.png",
      "sharpness": 13.219572801249514,
      "transform_matrix": [
        [
          0.47309874948350455,
          0.05517643558069951,
          0.8792798952828722,
          3.227059710911944
        ],
        [
          0.8793480547244059,
          0.03168918544409342,
          -0.47512397769250386,
          -1.370856687500017
        ],
        [
          -0.054079311206878145,
          0.9979736251712251,
          -0.03352717728876309,
          -0.12294737643234384
        ],
        [
          0.0,
          0.0,
          0.0,
          1.0
        ]
      ],
      "w": 2592.0,
      "h": 1944.0,
      "fl_x": 3781.221058552186,
      "fl_y": 3781.221058552186,
      "k1": -0.106471255404471,
      "k2": 0,
      "k3": 0,
      "k4": 0,
      "p1": 0,
      "p2": 0,
      "cx": 1296.0,
      "cy": 972.0,
      "is_fisheye": false,
      "camera_angle_x": 0.6603965592324593,
      "camera_angle_y": 0.5032241639495887,
      "fovx": 37.8379356489812,
      "fovy": 28.832620743310827
    },
    {
      "file_path": "./MSNerfCorrected/RGBs/altura0-a8-RGB.png",
      "sharpness": 11.132380639027566,
      "transform_matrix": [
        [
          0.823968036737692,
          0.09019806963590055,
          0.5594112822633238,
          2.280443557204087
        ],
        [
          0.554352755651584,
          0.07613158547664739,
          -0.828792497549514,
          -3.010904269018283
        ],
        [
          -0.11734435125991427,
          0.9930097129340612,
          0.012728444561806107,
          0.04106516421708364
        ],
        [
          0.0,
          0.0,
          0.0,
          1.0
        ]
      ],
      "w": 2592.0,
      "h": 1944.0,
      "fl_x": 3764.673369127391,
      "fl_y": 3764.673369127391,
      "k1": -0.09540858649188488,
      "k2": 0,
      "k3": 0,
      "k4": 0,
      "p1": 0,
      "p2": 0,
      "cx": 1296.0,
      "cy": 972.0,
      "is_fisheye": false,
      "camera_angle_x": 0.6630916551953746,
      "camera_angle_y": 0.5053433353649434,
      "fovx": 37.992353273038994,
      "fovy": 28.954040321475414
    },
    {
      "file_path": "./MSNerfCorrected/RGBs/altura0-a7-RGB.png",
      "sharpness": 17.236075101539235,
      "transform_matrix": [
        [
          0.9890477031080888,
          0.14758894240123815,
          0.0014646202249468665,
          -0.12116811756822152
        ],
        [
          -0.014938515860744092,
          0.1099708226064685,
          -0.9938225490092224,
          -3.485128152429518
        ],
        [
          -0.14683828443371727,
          0.9829160301421371,
          0.11097114926476624,
          0.45743883160784615
        ],
        [
          0.0,
          0.0,
          0.0,
          1.0
        ]
      ],
      "w": 2592.0,
      "h": 1944.0,
      "fl_x": 3772.692265928064,
      "fl_y": 3772.692265928064,
      "k1": -0.1161674933562252,
      "k2": 0,
      "k3": 0,
      "k4": 0,
      "p1": 0,
      "p2": 0,
      "cx": 1296.0,
      "cy": 972.0,
      "is_fisheye": false,
      "camera_angle_x": 0.661782989317901,
      "camera_angle_y": 0.5043142223780247,
      "fovx": 37.91737224146697,
      "fovy": 28.895076490682868
    },
    {
      "file_path": "./MSNerfCorrected/RGBs/altura0-a6-RGB.png",
      "sharpness": 16.61578241529432,
      "transform_matrix": [
        [
          0.6768563566581478,
          0.23096920169261237,
          -0.6989411279756262,
          -2.641585448208967
        ],
        [
          -0.7308114819979348,
          0.09707227352518484,
          -0.6756415850824217,
          -3.0296083216162017
        ],
        [
          -0.0882045931839672,
          0.9681065032507998,
          0.23449892997563804,
          0.890133074999334
        ],
        [
          0.0,
          0.0,
          0.0,
          1.0
        ]
      ],
      "w": 2592.0,
      "h": 1944.0,
      "fl_x": 3748.791356130717,
      "fl_y": 3748.791356130717,
      "k1": -0.10198934241518078,
      "k2": 0,
      "k3": 0,
      "k4": 0,
      "p1": 0,
      "p2": 0,
      "cx": 1296.0,
      "cy": 972.0,
      "is_fisheye": false,
      "camera_angle_x": 0.6656983303392687,
      "camera_angle_y": 0.5073937482105539,
      "fovx": 38.14170475734578,
      "fovy": 29.07152032378831
    },
    {
      "file_path": "./MSNerfCorrected/RGBs/altura0-a4-RGB.png",
      "sharpness": 10.824207819470884,
      "transform_matrix": [
        [
          -0.7607548291905802,
          0.26165730997283576,
          -0.5939592090841723,
          -2.3660837875622613
        ],
        [
          -0.6275898740126997,
          -0.06323739862893712,
          0.7759716370147958,
          2.3720690706809573
        ],
        [
          0.16547821588232517,
          0.9630869553717447,
          0.21232163459276793,
          0.8277359339006992
        ],
        [
          0.0,
          0.0,
          0.0,
          1.0
        ]
      ],
      "w": 2592.0,
      "h": 1944.0,
      "fl_x": 3658.5083232349552,
      "fl_y": 3658.5083232349552,
      "k1": -0.12691704692793285,
      "k2": 0,
      "k3": 0,
      "k4": 0,
      "p1": 0,
      "p2": 0,
      "cx": 1296.0,
      "cy": 972.0,
      "is_fisheye": false,
      "camera_angle_x": 0.6808990571864875,
      "camera_angle_y": 0.519365841839521,
      "fovx": 39.012642251222616,
      "fovy": 29.757470760663576
    },
    {
      "file_path": "./MSNerfCorrected/RGBs/altura0-a2-RGB.png",
      "sharpness": 12.625014284947255,
      "transform_matrix": [
        [
          -0.5612110048906795,
          0.09835708863987641,
          0.8218078188717766,
          2.406394940130096
        ],
        [
          0.8171825548018081,
          -0.09173619864899261,
          0.5690317583273152,
          1.7835682354784552
        ],
        [
          0.13135783241602117,
          0.9909138978873231,
          -0.028892332748949978,
          0.010171519450453265
        ],
        [
          0.0,
          0.0,
          0.0,
          1.0
        ]
      ],
      "w": 2592.0,
      "h": 1944.0,
